641705483397545984
641506692782358529
641694110571589632
641735393818247172
641658073858248706
632190006652628992
631866026691457024
631845193914916864
631858513946415104
631845474740383745
634696650271789056
633609335763918849
635807755505242112
641747630310055936
631869116786151424
638744325548036096
636954787926245377
644283233174073344
605403590883024896
633640617034186753
603022035451654145
633248222752837632
608966917081210880
633277259869106177
618811842195009536
634788588438204416
643446107054415872
636161425287712768
645703343969402880
645791284125237248
645786895545335808
645762670864367616
644547187616038916
639437744452702212
644526409197731840
641448647301840896
643471534842101760
643538229438861312
648689406300286976
648892999552925696
651448835663876096
646685456147595264
651433787151159296
645757546821582848
641988074637955072
666247676007071744
665370181745577984
